20190715123354 	 992.625488 	 27.280 	 400.000 	 18.000 
8979 	 8cfe 
20190715123424 	 992.614258 	 27.280 	 400.000 	 29.000 
20190715123454 	 992.610107 	 27.360 	 400.000 	 49.000 
20190715123524 	 992.621094 	 27.450 	 400.000 	 61.000 
20190715123554 	 992.625977 	 27.550 	 400.000 	 60.000 
20190715123624 	 992.605225 	 27.650 	 400.000 	 58.000 
20190715123654 	 992.614990 	 27.710 	 400.000 	 51.000 
20190715123725 	 992.595703 	 27.710 	 400.000 	 56.000 
20190715123755 	 992.609375 	 27.780 	 400.000 	 48.000 
20190715123825 	 992.623291 	 27.770 	 400.000 	 45.000 
20190715123855 	 992.604492 	 27.810 	 400.000 	 52.000 
20190715123925 	 992.626709 	 27.860 	 400.000 	 55.000 
8979 	 8cfe 
20190715123955 	 992.643555 	 27.870 	 400.000 	 51.000 
20190715124025 	 992.604004 	 27.870 	 400.000 	 55.000 
20190715124056 	 992.633301 	 27.880 	 400.000 	 52.000 
20190715124126 	 992.632080 	 27.830 	 400.000 	 51.000 
20190715124156 	 992.602783 	 27.840 	 400.000 	 50.000 
20190715124226 	 992.573730 	 27.870 	 400.000 	 57.000 
20190715124256 	 992.613037 	 27.890 	 400.000 	 53.000 
20190715124326 	 992.614990 	 27.880 	 400.000 	 50.000 
20190715124356 	 992.635742 	 27.900 	 400.000 	 57.000 
20190715124426 	 992.638672 	 27.930 	 400.000 	 46.000 
20190715124457 	 992.622314 	 27.930 	 400.000 	 57.000 
8979 	 8cfe 
20190715124527 	 992.621582 	 27.910 	 400.000 	 55.000 
20190715124557 	 992.646973 	 27.900 	 400.000 	 63.000 
20190715124627 	 992.632568 	 27.900 	 400.000 	 73.000 
20190715124657 	 992.591553 	 27.890 	 400.000 	 73.000 
20190715124727 	 992.624756 	 27.810 	 400.000 	 81.000 
20190715124757 	 992.599121 	 27.810 	 400.000 	 60.000 
20190715124828 	 992.626221 	 27.790 	 400.000 	 53.000 
20190715124858 	 992.607422 	 27.760 	 400.000 	 49.000 
20190715124928 	 992.611572 	 27.730 	 400.000 	 37.000 
20190715124958 	 992.618408 	 27.710 	 400.000 	 48.000 
20190715125028 	 992.600098 	 27.680 	 400.000 	 47.000 
8979 	 8cfe 
20190715125058 	 992.614990 	 27.630 	 400.000 	 35.000 
20190715125128 	 992.618896 	 27.630 	 400.000 	 41.000 
20190715125159 	 992.609863 	 27.580 	 400.000 	 34.000 
20190715125229 	 992.592529 	 27.530 	 400.000 	 36.000 
20190715125259 	 992.595947 	 27.460 	 400.000 	 24.000 
20190715125329 	 992.632812 	 27.480 	 400.000 	 38.000 
20190715125359 	 992.635254 	 27.480 	 400.000 	 20.000 
20190715125429 	 992.620117 	 27.450 	 400.000 	 22.000 
20190715125459 	 992.585205 	 27.380 	 400.000 	 29.000 
20190715125529 	 992.560547 	 27.390 	 400.000 	 24.000 
20190715125600 	 992.563965 	 27.320 	 400.000 	 22.000 
8979 	 8cfe 
20190715125630 	 992.560059 	 27.290 	 400.000 	 25.000 
20190715125700 	 992.586182 	 27.320 	 400.000 	 36.000 
20190715125730 	 992.534668 	 27.350 	 400.000 	 45.000 
20190715125800 	 992.534668 	 27.410 	 400.000 	 54.000 
20190715125830 	 992.502197 	 27.540 	 400.000 	 71.000 
20190715125900 	 992.527588 	 27.650 	 400.000 	 87.000 
20190715125931 	 992.510742 	 27.740 	 400.000 	 79.000 
20190715130001 	 992.527344 	 27.730 	 400.000 	 82.000 
20190715130031 	 992.533936 	 27.770 	 400.000 	 74.000 
20190715130101 	 992.513184 	 27.830 	 400.000 	 79.000 
20190715130131 	 992.488281 	 27.880 	 400.000 	 68.000 
8979 	 8cfe 
20190715130201 	 992.485352 	 27.910 	 400.000 	 75.000 
20190715130231 	 992.525635 	 27.890 	 400.000 	 80.000 
20190715130302 	 992.452881 	 27.940 	 400.000 	 70.000 
20190715130332 	 992.498047 	 27.950 	 400.000 	 66.000 
20190715130402 	 992.512451 	 27.740 	 400.000 	 66.000 
20190715130432 	 992.520996 	 27.770 	 400.000 	 66.000 
20190715130502 	 992.516357 	 27.810 	 400.000 	 67.000 
20190715130532 	 992.504395 	 27.890 	 400.000 	 70.000 
20190715130602 	 992.472900 	 27.880 	 400.000 	 72.000 
20190715130633 	 992.489746 	 27.830 	 400.000 	 73.000 
20190715130703 	 992.510986 	 27.780 	 400.000 	 70.000 
8979 	 8cfe 
20190715130733 	 992.504639 	 27.780 	 400.000 	 53.000 
20190715130803 	 992.521729 	 27.700 	 400.000 	 48.000 
20190715130833 	 992.554443 	 27.730 	 400.000 	 55.000 
20190715130903 	 992.535645 	 27.740 	 400.000 	 58.000 
20190715130933 	 992.566895 	 27.710 	 400.000 	 45.000 
20190715131004 	 992.538818 	 27.680 	 400.000 	 41.000 
20190715131034 	 992.557861 	 27.610 	 400.000 	 42.000 
20190715131104 	 992.554932 	 27.570 	 400.000 	 24.000 
20190715131134 	 992.589844 	 27.560 	 400.000 	 29.000 
20190715131204 	 992.582764 	 27.470 	 400.000 	 34.000 
20190715131234 	 992.591064 	 27.420 	 400.000 	 29.000 
8979 	 8cfe 
20190715131304 	 992.574707 	 27.390 	 400.000 	 25.000 
20190715131335 	 992.562744 	 27.340 	 400.000 	 34.000 
20190715131405 	 992.580078 	 27.270 	 400.000 	 27.000 
20190715131435 	 992.574219 	 27.290 	 400.000 	 21.000 
20190715131505 	 992.592529 	 27.270 	 400.000 	 21.000 
20190715131535 	 992.568604 	 27.250 	 400.000 	 26.000 
20190715131605 	 992.528076 	 27.280 	 400.000 	 30.000 
20190715131635 	 992.545410 	 27.320 	 400.000 	 40.000 
20190715131705 	 992.548828 	 27.340 	 400.000 	 36.000 
20190715131736 	 992.537109 	 27.410 	 400.000 	 61.000 
20190715131806 	 992.565186 	 27.460 	 400.000 	 65.000 
8979 	 8cfe 
20190715131836 	 992.523438 	 27.510 	 400.000 	 75.000 
20190715131906 	 992.559814 	 27.580 	 400.000 	 71.000 
20190715131936 	 992.531250 	 27.670 	 400.000 	 82.000 
20190715132006 	 992.522705 	 27.730 	 400.000 	 70.000 
20190715132036 	 992.520020 	 27.800 	 400.000 	 82.000 
20190715132106 	 992.548828 	 27.850 	 400.000 	 75.000 
20190715132137 	 992.507568 	 27.890 	 400.000 	 71.000 
20190715132207 	 992.513916 	 27.880 	 400.000 	 90.000 
20190715132237 	 992.513428 	 27.870 	 400.000 	 85.000 
20190715132307 	 992.473633 	 27.880 	 400.000 	 76.000 
20190715132337 	 992.480957 	 27.870 	 400.000 	 91.000 
897a 	 8cfe 
20190715132407 	 992.465088 	 27.900 	 400.000 	 85.000 
20190715132437 	 992.437256 	 27.910 	 400.000 	 86.000 
20190715132508 	 992.463135 	 27.880 	 400.000 	 87.000 
20190715132538 	 992.438721 	 27.910 	 400.000 	 82.000 
20190715132608 	 992.406982 	 27.940 	 400.000 	 80.000 
20190715132638 	 992.414062 	 27.960 	 400.000 	 87.000 
20190715132708 	 992.388672 	 27.880 	 400.000 	 81.000 
20190715132738 	 992.393311 	 27.770 	 400.000 	 89.000 
20190715132808 	 992.357422 	 27.760 	 400.000 	 65.000 
20190715132839 	 992.336914 	 27.720 	 400.000 	 59.000 
20190715132909 	 992.355469 	 27.690 	 400.000 	 64.000 
897a 	 8cfe 
20190715132939 	 992.337891 	 27.700 	 400.000 	 53.000 
20190715133009 	 992.403809 	 27.700 	 400.000 	 49.000 
20190715133039 	 992.405029 	 27.660 	 400.000 	 42.000 
20190715133109 	 992.363525 	 27.550 	 400.000 	 50.000 
20190715133139 	 992.361816 	 27.530 	 400.000 	 41.000 
20190715133210 	 992.358398 	 27.530 	 400.000 	 42.000 
20190715133240 	 992.334229 	 27.520 	 400.000 	 34.000 
20190715133310 	 992.334229 	 27.490 	 400.000 	 42.000 
20190715133340 	 992.336914 	 27.460 	 400.000 	 35.000 
20190715133410 	 992.286133 	 27.440 	 400.000 	 37.000 
20190715133440 	 992.291748 	 27.400 	 400.000 	 30.000 
897a 	 8cfe 
20190715133510 	 992.317383 	 27.320 	 400.000 	 29.000 
20190715133540 	 992.306885 	 27.300 	 400.000 	 36.000 
20190715133611 	 992.250977 	 27.330 	 400.000 	 36.000 
20190715133641 	 992.275391 	 27.290 	 400.000 	 43.000 
20190715133711 	 992.312256 	 27.220 	 400.000 	 28.000 
20190715133741 	 992.312500 	 27.170 	 400.000 	 32.000 
20190715133811 	 992.252441 	 27.180 	 400.000 	 28.000 
20190715133841 	 992.210938 	 27.180 	 400.000 	 32.000 
20190715133911 	 992.209717 	 27.120 	 400.000 	 31.000 
20190715133942 	 992.200928 	 27.130 	 400.000 	 32.000 
20190715134012 	 992.204590 	 27.150 	 400.000 	 37.000 
897a 	 8cfe 
20190715134042 	 992.224365 	 27.250 	 400.000 	 62.000 
20190715134112 	 992.213135 	 27.320 	 400.000 	 69.000 
20190715134142 	 992.165771 	 27.330 	 400.000 	 70.000 
20190715134212 	 992.213623 	 27.440 	 400.000 	 87.000 
20190715134242 	 992.199219 	 27.560 	 400.000 	 99.000 
20190715134313 	 992.236084 	 27.590 	 400.000 	 104.000 
20190715134343 	 992.223633 	 27.570 	 400.000 	 93.000 
20190715134413 	 992.179443 	 27.620 	 400.000 	 101.000 
20190715134443 	 992.196045 	 27.680 	 400.000 	 102.000 
20190715134513 	 992.141113 	 27.720 	 400.000 	 111.000 
20190715134543 	 992.193115 	 27.690 	 400.000 	 103.000 
897a 	 8cfe 
20190715134613 	 992.159912 	 27.750 	 400.000 	 99.000 
20190715134644 	 992.096924 	 27.720 	 400.000 	 104.000 
20190715134714 	 992.083740 	 27.720 	 400.000 	 103.000 
20190715134744 	 992.106201 	 27.780 	 400.000 	 99.000 
20190715134814 	 992.051025 	 27.810 	 400.000 	 101.000 
20190715134844 	 992.088867 	 27.860 	 400.000 	 101.000 
20190715134914 	 992.045898 	 27.840 	 400.000 	 96.000 
20190715134944 	 992.014404 	 27.860 	 400.000 	 96.000 
20190715135015 	 992.020752 	 27.900 	 400.000 	 99.000 
20190715135045 	 992.014404 	 27.820 	 400.000 	 89.000 
20190715135115 	 991.984131 	 27.820 	 400.000 	 87.000 
897a 	 8cfe 
20190715135145 	 992.018311 	 27.860 	 400.000 	 62.000 
20190715135215 	 992.024902 	 27.840 	 400.000 	 69.000 
20190715135245 	 992.010498 	 27.790 	 400.000 	 63.000 
20190715135315 	 992.013672 	 27.690 	 400.000 	 70.000 
20190715135345 	 992.011963 	 27.660 	 400.000 	 56.000 
20190715135416 	 991.997314 	 27.620 	 400.000 	 58.000 
20190715135446 	 991.998779 	 27.550 	 400.000 	 58.000 
20190715135516 	 992.001953 	 27.440 	 400.000 	 55.000 
20190715135546 	 991.962646 	 27.450 	 400.000 	 43.000 
20190715135616 	 991.990479 	 27.520 	 400.000 	 55.000 
20190715135646 	 991.973877 	 27.490 	 400.000 	 60.000 
897a 	 8cfe 
20190715135716 	 991.940674 	 27.470 	 400.000 	 51.000 
20190715135747 	 991.949463 	 27.410 	 400.000 	 52.000 
20190715135817 	 991.951172 	 27.480 	 400.000 	 64.000 
20190715135847 	 991.944336 	 27.450 	 400.000 	 67.000 
20190715135917 	 991.925781 	 27.470 	 400.000 	 69.000 
20190715135947 	 991.946045 	 27.460 	 400.000 	 72.000 
20190715140017 	 991.944336 	 27.490 	 400.000 	 74.000 
20190715140047 	 991.918457 	 27.520 	 400.000 	 76.000 
20190715140118 	 991.913330 	 27.590 	 400.000 	 80.000 
20190715140148 	 991.918945 	 27.680 	 400.000 	 80.000 
20190715140218 	 991.925049 	 27.730 	 400.000 	 90.000 
897a 	 8cfe 
20190715140248 	 991.912842 	 27.780 	 400.000 	 92.000 
20190715140318 	 991.921143 	 27.730 	 400.000 	 86.000 
20190715140348 	 991.928711 	 27.750 	 400.000 	 92.000 
20190715140418 	 991.864502 	 27.830 	 400.000 	 90.000 
20190715140449 	 991.832764 	 27.820 	 400.000 	 85.000 
20190715140519 	 991.825928 	 27.860 	 400.000 	 82.000 
20190715140549 	 991.819092 	 27.870 	 400.000 	 72.000 
20190715140619 	 991.845703 	 27.840 	 400.000 	 61.000 
20190715140649 	 991.802734 	 27.810 	 400.000 	 60.000 
20190715140719 	 991.848633 	 27.790 	 400.000 	 61.000 
20190715140749 	 991.836426 	 27.750 	 400.000 	 48.000 
897a 	 8cfe 
20190715140819 	 991.842041 	 27.740 	 400.000 	 50.000 
20190715140850 	 991.840088 	 27.720 	 400.000 	 47.000 
20190715140920 	 991.850830 	 27.690 	 400.000 	 47.000 
20190715140950 	 991.806641 	 27.640 	 400.000 	 40.000 
20190715141020 	 991.823975 	 27.610 	 400.000 	 44.000 
20190715141050 	 991.820312 	 27.520 	 400.000 	 34.000 
20190715141120 	 991.778076 	 27.400 	 400.000 	 34.000 
20190715141150 	 991.816650 	 27.310 	 400.000 	 29.000 
20190715141221 	 991.810059 	 27.210 	 400.000 	 44.000 
20190715141251 	 991.796631 	 27.180 	 400.000 	 28.000 
20190715141321 	 991.811035 	 27.170 	 400.000 	 39.000 
897b 	 8cfe 
20190715141351 	 991.809082 	 27.240 	 400.000 	 37.000 
20190715141421 	 991.791748 	 27.180 	 400.000 	 32.000 
20190715141451 	 991.830566 	 27.170 	 400.000 	 45.000 
20190715141521 	 991.806396 	 27.210 	 400.000 	 61.000 
20190715141552 	 991.768555 	 27.270 	 400.000 	 70.000 
20190715141622 	 991.791260 	 27.320 	 400.000 	 68.000 
20190715141652 	 991.758301 	 27.390 	 400.000 	 66.000 
20190715141722 	 991.753906 	 27.520 	 400.000 	 77.000 
20190715141752 	 991.754150 	 27.470 	 400.000 	 76.000 
20190715141822 	 991.764404 	 27.490 	 400.000 	 89.000 
20190715141852 	 991.786133 	 27.640 	 400.000 	 83.000 
897b 	 8cfe 
20190715141922 	 991.727295 	 27.600 	 400.000 	 78.000 
20190715141953 	 991.701416 	 27.630 	 400.000 	 85.000 
20190715142023 	 991.705078 	 27.630 	 400.000 	 71.000 
20190715142053 	 991.703369 	 27.620 	 400.000 	 63.000 
20190715142123 	 991.732666 	 27.570 	 400.000 	 62.000 
20190715142153 	 991.707275 	 27.570 	 400.000 	 50.000 
20190715142223 	 991.735840 	 27.580 	 400.000 	 48.000 
20190715142253 	 991.701660 	 27.550 	 400.000 	 42.000 
20190715142324 	 991.715576 	 27.540 	 400.000 	 54.000 
20190715142354 	 991.680664 	 27.500 	 400.000 	 42.000 
20190715142424 	 991.649902 	 27.460 	 400.000 	 43.000 
897b 	 8cfe 
20190715142454 	 991.674561 	 27.330 	 400.000 	 44.000 
20190715142524 	 991.610352 	 27.300 	 400.000 	 42.000 
20190715142554 	 991.590332 	 27.300 	 400.000 	 36.000 
20190715142624 	 991.568115 	 27.280 	 400.000 	 37.000 
20190715142655 	 991.554688 	 27.280 	 400.000 	 33.000 
20190715142725 	 991.548340 	 27.260 	 400.000 	 30.000 
20190715142755 	 991.507568 	 27.280 	 400.000 	 22.000 
20190715142825 	 991.510498 	 27.250 	 400.000 	 32.000 
20190715142855 	 991.494873 	 27.230 	 400.000 	 28.000 
20190715142925 	 991.499268 	 27.210 	 400.000 	 28.000 
20190715142955 	 991.493408 	 27.180 	 400.000 	 34.000 
897b 	 8cfe 
20190715143026 	 991.474854 	 27.190 	 400.000 	 43.000 
20190715143056 	 991.513672 	 27.180 	 400.000 	 53.000 
20190715143126 	 991.471436 	 27.190 	 400.000 	 60.000 
20190715143156 	 991.479980 	 27.230 	 400.000 	 69.000 
20190715143226 	 991.506836 	 27.250 	 400.000 	 62.000 
20190715143256 	 991.512451 	 27.350 	 400.000 	 80.000 
20190715143326 	 991.511963 	 27.340 	 400.000 	 82.000 
20190715143356 	 991.525635 	 27.420 	 400.000 	 75.000 
20190715143427 	 991.511963 	 27.520 	 400.000 	 83.000 
20190715143457 	 991.502930 	 27.600 	 400.000 	 115.000 
20190715143527 	 991.508057 	 27.660 	 400.000 	 124.000 
897b 	 8cfe 
20190715143557 	 991.517578 	 27.740 	 400.000 	 131.000 
20190715143627 	 991.501709 	 27.770 	 400.000 	 140.000 
20190715143657 	 991.473145 	 27.820 	 400.000 	 147.000 
20190715143727 	 991.492188 	 27.840 	 400.000 	 162.000 
20190715143758 	 991.494629 	 27.870 	 400.000 	 159.000 
20190715143828 	 991.477051 	 27.890 	 400.000 	 136.000 
20190715143858 	 991.443115 	 27.890 	 400.000 	 122.000 
20190715143928 	 991.416016 	 27.810 	 400.000 	 119.000 
20190715143958 	 991.401611 	 27.770 	 400.000 	 111.000 
20190715144028 	 991.384277 	 27.790 	 400.000 	 101.000 
20190715144058 	 991.372314 	 27.730 	 400.000 	 103.000 
897b 	 8cfe 
20190715144129 	 991.412354 	 27.720 	 400.000 	 108.000 
20190715144159 	 991.403320 	 27.680 	 400.000 	 110.000 
20190715144229 	 991.379150 	 27.580 	 400.000 	 105.000 
20190715144259 	 991.341553 	 27.560 	 400.000 	 107.000 
20190715144329 	 991.355713 	 27.460 	 400.000 	 110.000 
20190715144359 	 991.344971 	 27.340 	 400.000 	 110.000 
20190715144429 	 991.319092 	 27.310 	 400.000 	 109.000 
20190715144459 	 991.308594 	 27.250 	 400.000 	 126.000 
20190715144530 	 991.286133 	 27.230 	 400.000 	 118.000 
20190715144600 	 991.365723 	 27.230 	 400.000 	 128.000 
20190715144630 	 991.310547 	 27.240 	 400.000 	 158.000 
897b 	 8cfe 
20190715144700 	 991.334229 	 27.260 	 400.000 	 170.000 
20190715144730 	 991.345947 	 27.280 	 400.000 	 189.000 
20190715144800 	 991.322021 	 27.330 	 400.000 	 188.000 
20190715144830 	 991.386230 	 27.350 	 400.000 	 191.000 
20190715144901 	 991.353027 	 27.430 	 450.000 	 216.000 
20190715144931 	 991.354248 	 27.520 	 454.000 	 211.000 
20190715145001 	 991.368164 	 27.610 	 497.000 	 238.000 
20190715145031 	 991.311035 	 27.700 	 523.000 	 238.000 
20190715145101 	 991.355957 	 27.780 	 513.000 	 234.000 
20190715145131 	 991.357910 	 27.830 	 513.000 	 250.000 
20190715145201 	 991.337402 	 27.860 	 490.000 	 239.000 
897b 	 8cfe 
20190715145232 	 991.312744 	 27.870 	 507.000 	 240.000 
20190715145302 	 991.359619 	 27.870 	 491.000 	 243.000 
20190715145332 	 991.304443 	 27.860 	 431.000 	 228.000 
20190715145402 	 991.302490 	 27.840 	 418.000 	 225.000 
20190715145432 	 991.349365 	 27.820 	 400.000 	 212.000 
20190715145502 	 991.330566 	 27.780 	 400.000 	 207.000 
20190715145532 	 991.329834 	 27.730 	 400.000 	 200.000 
20190715145603 	 991.317383 	 27.640 	 400.000 	 209.000 
20190715145633 	 991.316406 	 27.640 	 400.000 	 203.000 
20190715145703 	 991.273193 	 27.720 	 400.000 	 190.000 
20190715145733 	 991.232666 	 27.710 	 400.000 	 192.000 
897b 	 8cfe 
20190715145803 	 991.281738 	 27.590 	 400.000 	 194.000 
20190715145833 	 991.218506 	 27.510 	 400.000 	 197.000 
20190715145903 	 991.277344 	 27.420 	 400.000 	 191.000 
20190715145933 	 991.298584 	 27.410 	 400.000 	 195.000 
20190715150004 	 991.272217 	 27.370 	 400.000 	 198.000 
20190715150034 	 991.276123 	 27.340 	 400.000 	 196.000 
20190715150104 	 991.274414 	 27.340 	 425.000 	 222.000 
20190715150134 	 991.276611 	 27.350 	 539.000 	 269.000 
20190715150204 	 991.288330 	 27.390 	 467.000 	 251.000 
20190715150234 	 991.311768 	 27.410 	 496.000 	 252.000 
20190715150304 	 991.287598 	 27.490 	 537.000 	 263.000 
897b 	 8cfe 
20190715150335 	 991.297363 	 27.530 	 591.000 	 285.000 
20190715150405 	 991.297363 	 27.590 	 647.000 	 310.000 
20190715150435 	 991.318115 	 27.670 	 619.000 	 296.000 
20190715150505 	 991.310791 	 27.730 	 605.000 	 293.000 
20190715150535 	 991.338135 	 27.810 	 602.000 	 303.000 
20190715150605 	 991.307617 	 27.760 	 545.000 	 282.000 
20190715150635 	 991.341309 	 27.830 	 637.000 	 310.000 
20190715150705 	 991.360840 	 27.860 	 611.000 	 307.000 
20190715150736 	 991.370361 	 27.840 	 529.000 	 284.000 
20190715150806 	 991.360352 	 27.790 	 518.000 	 280.000 
20190715150836 	 991.340820 	 27.730 	 514.000 	 275.000 
897b 	 8cfe 
20190715150906 	 991.293213 	 27.680 	 509.000 	 277.000 
20190715150936 	 991.344727 	 27.620 	 486.000 	 267.000 
20190715151006 	 991.356934 	 27.610 	 465.000 	 271.000 
20190715151036 	 991.358154 	 27.550 	 476.000 	 252.000 
20190715151107 	 991.321533 	 27.450 	 447.000 	 252.000 
20190715151137 	 991.319336 	 27.350 	 435.000 	 253.000 
20190715151207 	 991.296387 	 27.310 	 454.000 	 262.000 
20190715151237 	 991.286621 	 27.260 	 441.000 	 256.000 
20190715151307 	 991.315430 	 27.250 	 451.000 	 253.000 
20190715151337 	 991.280762 	 27.250 	 434.000 	 259.000 
20190715151407 	 991.295654 	 27.200 	 413.000 	 264.000 
897b 	 8cfe 
20190715151438 	 991.320068 	 27.190 	 440.000 	 253.000 
20190715151508 	 991.322754 	 27.190 	 422.000 	 251.000 
20190715151538 	 991.305176 	 27.120 	 408.000 	 250.000 
20190715151608 	 991.321045 	 27.110 	 410.000 	 248.000 
20190715151638 	 991.326416 	 27.120 	 435.000 	 257.000 
20190715151708 	 991.344727 	 27.120 	 413.000 	 251.000 
20190715151738 	 991.380859 	 27.110 	 424.000 	 253.000 
20190715151809 	 991.402832 	 27.090 	 416.000 	 257.000 
20190715151839 	 991.462891 	 27.070 	 413.000 	 246.000 
20190715151909 	 991.449219 	 27.100 	 441.000 	 263.000 
20190715151939 	 991.429443 	 27.100 	 467.000 	 277.000 
897b 	 8cfe 
20190715152009 	 991.440430 	 27.120 	 523.000 	 286.000 
20190715152039 	 991.500977 	 27.150 	 526.000 	 289.000 
20190715152109 	 991.452881 	 27.200 	 536.000 	 294.000 
20190715152139 	 991.483887 	 27.270 	 554.000 	 309.000 
20190715152210 	 991.464111 	 27.340 	 573.000 	 312.000 
20190715152240 	 991.471436 	 27.410 	 532.000 	 306.000 
20190715152310 	 991.505859 	 27.510 	 531.000 	 302.000 
20190715152340 	 991.502930 	 27.600 	 547.000 	 301.000 
20190715152410 	 991.516113 	 27.640 	 519.000 	 297.000 
20190715152440 	 991.519775 	 27.700 	 538.000 	 296.000 
20190715152510 	 991.540283 	 27.750 	 537.000 	 302.000 
897b 	 8cfe 
20190715152541 	 991.545410 	 27.690 	 493.000 	 280.000 
20190715152611 	 991.568115 	 27.640 	 495.000 	 296.000 
20190715152641 	 991.566895 	 27.740 	 491.000 	 291.000 
20190715152711 	 991.598145 	 27.770 	 495.000 	 295.000 
20190715152741 	 991.583496 	 27.660 	 470.000 	 269.000 
20190715152811 	 991.566895 	 27.690 	 486.000 	 281.000 
20190715152841 	 991.541016 	 27.650 	 410.000 	 254.000 
20190715152912 	 991.566406 	 27.660 	 436.000 	 275.000 
20190715152942 	 991.540283 	 27.660 	 420.000 	 264.000 
20190715153012 	 991.538330 	 27.620 	 419.000 	 261.000 
20190715153042 	 991.503418 	 27.550 	 405.000 	 270.000 
897b 	 8cfe 
20190715153112 	 991.492432 	 27.490 	 410.000 	 262.000 
20190715153142 	 991.485840 	 27.440 	 400.000 	 269.000 
20190715153212 	 991.420410 	 27.400 	 403.000 	 249.000 
20190715153243 	 991.402100 	 27.320 	 400.000 	 245.000 
20190715153313 	 991.372070 	 27.240 	 400.000 	 254.000 
20190715153343 	 991.382568 	 27.120 	 400.000 	 233.000 
20190715153413 	 991.319824 	 27.120 	 400.000 	 240.000 
20190715153443 	 991.293945 	 27.160 	 400.000 	 244.000 
20190715153513 	 991.300537 	 27.140 	 400.000 	 253.000 
20190715153543 	 991.288818 	 27.160 	 436.000 	 270.000 
20190715153613 	 991.279785 	 27.220 	 454.000 	 272.000 
897b 	 8cfe 
20190715153644 	 991.233398 	 27.280 	 481.000 	 279.000 
20190715153714 	 991.209229 	 27.370 	 442.000 	 275.000 
20190715153744 	 991.181885 	 27.500 	 447.000 	 269.000 
20190715153814 	 991.187012 	 27.600 	 436.000 	 266.000 
20190715153844 	 991.156494 	 27.650 	 437.000 	 254.000 
20190715153914 	 991.105469 	 27.630 	 420.000 	 258.000 
20190715153944 	 991.110107 	 27.670 	 426.000 	 262.000 
20190715154015 	 991.092285 	 27.730 	 423.000 	 259.000 
20190715154045 	 991.122559 	 27.750 	 442.000 	 260.000 
20190715154115 	 991.086670 	 27.790 	 440.000 	 261.000 
20190715154145 	 991.102051 	 27.830 	 423.000 	 260.000 
897b 	 8cfe 
20190715154215 	 991.099609 	 27.810 	 432.000 	 264.000 
20190715154245 	 991.071045 	 27.790 	 401.000 	 264.000 
20190715154315 	 991.082275 	 27.720 	 400.000 	 243.000 
20190715154345 	 991.043701 	 27.710 	 400.000 	 237.000 
20190715154416 	 991.090332 	 27.650 	 400.000 	 240.000 
20190715154446 	 991.057861 	 27.570 	 400.000 	 239.000 
20190715154516 	 991.038818 	 27.570 	 400.000 	 235.000 
20190715154546 	 991.058350 	 27.510 	 400.000 	 222.000 
20190715154616 	 991.061035 	 27.440 	 400.000 	 225.000 
20190715154646 	 991.054443 	 27.420 	 400.000 	 226.000 
20190715154716 	 991.046875 	 27.360 	 400.000 	 220.000 
897c 	 8cfe 
20190715154747 	 991.056641 	 27.320 	 400.000 	 218.000 
20190715154817 	 991.041992 	 27.350 	 400.000 	 213.000 
20190715154847 	 991.053467 	 27.300 	 400.000 	 210.000 
20190715154917 	 991.031250 	 27.280 	 400.000 	 212.000 
20190715154947 	 991.053955 	 27.210 	 400.000 	 218.000 
20190715155017 	 991.083008 	 27.130 	 400.000 	 207.000 
20190715155047 	 991.074219 	 27.090 	 400.000 	 209.000 
20190715155117 	 991.042725 	 27.010 	 400.000 	 199.000 
20190715155148 	 991.031738 	 27.010 	 400.000 	 214.000 
20190715155218 	 991.040039 	 27.040 	 400.000 	 216.000 
20190715155248 	 991.022949 	 27.070 	 400.000 	 232.000 
897c 	 8cfe 
20190715155318 	 991.047607 	 27.040 	 400.000 	 227.000 
20190715155348 	 991.027100 	 27.150 	 400.000 	 229.000 
20190715155418 	 991.030518 	 27.170 	 400.000 	 229.000 
20190715155448 	 991.014648 	 27.220 	 400.000 	 235.000 
20190715155519 	 991.013672 	 27.240 	 400.000 	 236.000 
20190715155549 	 991.002930 	 27.350 	 400.000 	 229.000 
20190715155619 	 990.983398 	 27.440 	 400.000 	 237.000 
20190715155649 	 990.970947 	 27.470 	 400.000 	 246.000 
20190715155719 	 991.000488 	 27.420 	 400.000 	 239.000 
20190715155749 	 990.979248 	 27.480 	 400.000 	 237.000 
20190715155819 	 990.984863 	 27.560 	 400.000 	 232.000 
897c 	 8cfe 
20190715155849 	 990.956299 	 27.630 	 400.000 	 241.000 
20190715155920 	 990.931641 	 27.680 	 400.000 	 234.000 
20190715155950 	 990.933105 	 27.710 	 400.000 	 241.000 
20190715160020 	 990.928467 	 27.610 	 400.000 	 232.000 
20190715160050 	 990.862793 	 27.650 	 400.000 	 224.000 
20190715160120 	 990.811035 	 27.680 	 400.000 	 230.000 
20190715160150 	 990.827881 	 27.730 	 400.000 	 237.000 
20190715160220 	 990.805420 	 27.760 	 400.000 	 229.000 
20190715160251 	 990.785889 	 27.690 	 400.000 	 237.000 
20190715160321 	 990.778564 	 27.630 	 400.000 	 231.000 
20190715160351 	 990.715576 	 27.690 	 400.000 	 235.000 
897c 	 8cfe 
20190715160421 	 990.738525 	 27.580 	 400.000 	 234.000 
20190715160451 	 990.701416 	 27.670 	 400.000 	 232.000 
20190715160521 	 990.678223 	 27.740 	 400.000 	 230.000 
20190715160551 	 990.676025 	 27.800 	 400.000 	 228.000 
20190715160621 	 990.666992 	 27.830 	 400.000 	 234.000 
20190715160652 	 990.660400 	 27.840 	 400.000 	 219.000 
20190715160722 	 990.692383 	 27.790 	 400.000 	 220.000 
20190715160752 	 990.677246 	 27.680 	 400.000 	 224.000 
20190715160822 	 990.645264 	 27.700 	 400.000 	 206.000 
20190715160852 	 990.629883 	 27.650 	 400.000 	 207.000 
20190715160922 	 990.610107 	 27.500 	 400.000 	 208.000 
897c 	 8cfe 
20190715160952 	 990.608398 	 27.410 	 400.000 	 199.000 
20190715161023 	 990.596924 	 27.370 	 400.000 	 205.000 
20190715161053 	 990.608643 	 27.380 	 400.000 	 193.000 
20190715161123 	 990.624023 	 27.250 	 400.000 	 199.000 
20190715161153 	 990.579102 	 27.230 	 400.000 	 197.000 
20190715161223 	 990.567383 	 27.270 	 400.000 	 190.000 
20190715161253 	 990.562256 	 27.170 	 400.000 	 184.000 
20190715161323 	 990.549561 	 27.160 	 400.000 	 189.000 
20190715161353 	 990.549316 	 27.150 	 400.000 	 181.000 
20190715161424 	 990.560791 	 27.170 	 400.000 	 188.000 
20190715161454 	 990.580811 	 27.140 	 400.000 	 202.000 
897c 	 8cfe 
20190715161524 	 990.555664 	 27.170 	 400.000 	 197.000 
20190715161554 	 990.565430 	 27.240 	 400.000 	 210.000 
20190715161624 	 990.593262 	 27.220 	 400.000 	 203.000 
20190715161654 	 990.593018 	 27.270 	 400.000 	 210.000 
20190715161724 	 990.628662 	 27.320 	 400.000 	 219.000 
20190715161755 	 990.625000 	 27.420 	 400.000 	 220.000 
20190715161825 	 990.635254 	 27.480 	 400.000 	 216.000 
20190715161855 	 990.687256 	 27.550 	 400.000 	 219.000 
20190715161925 	 990.724854 	 27.610 	 400.000 	 216.000 
20190715161955 	 990.759277 	 27.670 	 400.000 	 211.000 
20190715162025 	 990.802002 	 27.690 	 400.000 	 214.000 
897c 	 8cfe 
20190715162055 	 990.833740 	 27.740 	 400.000 	 219.000 
20190715162126 	 990.869629 	 27.590 	 400.000 	 216.000 
20190715162156 	 990.854248 	 27.660 	 400.000 	 213.000 
20190715162226 	 990.897217 	 27.660 	 400.000 	 219.000 
20190715162256 	 990.936523 	 27.730 	 400.000 	 211.000 
20190715162326 	 990.989014 	 27.790 	 400.000 	 213.000 
20190715162356 	 990.969482 	 27.830 	 400.000 	 211.000 
20190715162426 	 990.995361 	 27.860 	 400.000 	 207.000 
20190715162456 	 991.035156 	 27.860 	 400.000 	 212.000 
20190715162527 	 991.061768 	 27.880 	 400.000 	 210.000 
20190715162557 	 991.089111 	 27.850 	 400.000 	 211.000 
897c 	 8cfe 
20190715162627 	 991.114502 	 27.840 	 400.000 	 213.000 
20190715162657 	 991.123779 	 27.790 	 400.000 	 194.000 
20190715162727 	 991.117920 	 27.690 	 400.000 	 194.000 
20190715162757 	 991.125244 	 27.650 	 400.000 	 184.000 
20190715162827 	 991.160156 	 27.640 	 400.000 	 197.000 
20190715162857 	 991.177490 	 27.600 	 400.000 	 187.000 
20190715162928 	 991.192383 	 27.510 	 400.000 	 183.000 
20190715162958 	 991.218994 	 27.430 	 400.000 	 183.000 
20190715163028 	 991.218750 	 27.330 	 400.000 	 191.000 
20190715163058 	 991.227051 	 27.240 	 400.000 	 184.000 
20190715163128 	 991.185303 	 27.190 	 400.000 	 176.000 
897c 	 8cfe 
20190715163158 	 991.177002 	 27.110 	 400.000 	 172.000 
20190715163228 	 991.144287 	 27.070 	 400.000 	 180.000 
20190715163259 	 991.176025 	 27.010 	 400.000 	 179.000 
20190715163329 	 991.152588 	 26.970 	 400.000 	 176.000 
20190715163359 	 991.124023 	 26.960 	 400.000 	 172.000 
20190715163429 	 991.101074 	 26.970 	 400.000 	 178.000 
20190715163459 	 991.054443 	 26.970 	 400.000 	 178.000 
20190715163529 	 991.023438 	 27.000 	 400.000 	 183.000 
20190715163559 	 990.997314 	 27.070 	 400.000 	 187.000 
20190715163629 	 990.949219 	 27.100 	 400.000 	 194.000 
20190715163700 	 990.930420 	 27.110 	 400.000 	 199.000 
897d 	 8cfe 
20190715163730 	 990.863037 	 27.190 	 400.000 	 198.000 
20190715163800 	 990.840088 	 27.250 	 400.000 	 198.000 
20190715163830 	 990.811523 	 27.340 	 400.000 	 208.000 
20190715163900 	 990.774414 	 27.430 	 400.000 	 192.000 
20190715163930 	 990.765137 	 27.500 	 400.000 	 196.000 
20190715164000 	 990.757080 	 27.530 	 400.000 	 189.000 
20190715164031 	 990.780762 	 27.590 	 400.000 	 196.000 
20190715164101 	 990.774170 	 27.660 	 400.000 	 186.000 
20190715164131 	 990.751709 	 27.720 	 400.000 	 187.000 
20190715164201 	 990.790283 	 27.770 	 400.000 	 189.000 
20190715164231 	 990.783203 	 27.700 	 400.000 	 184.000 
897d 	 8cfe 
20190715164301 	 990.813965 	 27.750 	 400.000 	 173.000 
20190715164331 	 990.833740 	 27.810 	 400.000 	 185.000 
20190715164402 	 990.837891 	 27.730 	 400.000 	 179.000 
20190715164432 	 990.863770 	 27.700 	 400.000 	 170.000 
20190715164502 	 990.915527 	 27.760 	 400.000 	 183.000 
20190715164532 	 990.912842 	 27.760 	 400.000 	 177.000 
20190715164602 	 990.885498 	 27.760 	 400.000 	 187.000 
20190715164632 	 990.874756 	 27.730 	 400.000 	 178.000 
20190715164702 	 990.885742 	 27.740 	 400.000 	 168.000 
20190715164733 	 990.884521 	 27.650 	 400.000 	 160.000 
20190715164803 	 990.812012 	 27.530 	 400.000 	 166.000 
897d 	 8cfe 
20190715164833 	 990.796875 	 27.460 	 400.000 	 150.000 
20190715164903 	 990.763184 	 27.490 	 400.000 	 152.000 
20190715164933 	 990.737549 	 27.420 	 400.000 	 153.000 
20190715165003 	 990.689697 	 27.320 	 400.000 	 147.000 
20190715165033 	 990.684570 	 27.240 	 400.000 	 156.000 
20190715165103 	 990.671875 	 27.180 	 400.000 	 148.000 
20190715165134 	 990.676025 	 27.180 	 400.000 	 144.000 
20190715165204 	 990.659912 	 27.150 	 400.000 	 143.000 
20190715165234 	 990.631104 	 27.140 	 400.000 	 136.000 
20190715165304 	 990.659912 	 27.040 	 400.000 	 142.000 
20190715165334 	 990.633057 	 27.080 	 400.000 	 145.000 
897d 	 8cfe 
20190715165404 	 990.671875 	 27.040 	 400.000 	 136.000 
20190715165434 	 990.676514 	 27.060 	 400.000 	 156.000 
20190715165505 	 990.660400 	 27.100 	 400.000 	 162.000 
20190715165535 	 990.690186 	 27.100 	 400.000 	 172.000 
20190715165605 	 990.719727 	 27.140 	 400.000 	 165.000 
20190715165635 	 990.709961 	 27.150 	 400.000 	 172.000 
20190715165705 	 990.688232 	 27.210 	 400.000 	 174.000 
20190715165735 	 990.729004 	 27.350 	 400.000 	 174.000 
20190715165805 	 990.723877 	 27.460 	 400.000 	 173.000 
20190715165835 	 990.717529 	 27.550 	 400.000 	 163.000 
20190715165906 	 990.747070 	 27.620 	 400.000 	 170.000 
897d 	 8cfe 
20190715165936 	 990.758301 	 27.650 	 400.000 	 169.000 
20190715170006 	 990.729248 	 27.690 	 400.000 	 164.000 
20190715170036 	 990.730469 	 27.730 	 400.000 	 161.000 
20190715170106 	 990.724609 	 27.760 	 400.000 	 158.000 
20190715170136 	 990.708496 	 27.800 	 400.000 	 172.000 
20190715170206 	 990.699707 	 27.830 	 400.000 	 170.000 
20190715170237 	 990.742188 	 27.830 	 400.000 	 170.000 
20190715170307 	 990.752930 	 27.850 	 400.000 	 163.000 
20190715170337 	 990.798096 	 27.870 	 400.000 	 166.000 
20190715170407 	 990.842773 	 27.870 	 400.000 	 168.000 
20190715170437 	 990.891846 	 27.910 	 400.000 	 157.000 
897d 	 8cfe 
20190715170507 	 990.888428 	 27.910 	 400.000 	 151.000 
20190715170537 	 990.919189 	 27.890 	 400.000 	 165.000 
20190715170608 	 990.919189 	 27.870 	 400.000 	 164.000 
20190715170638 	 990.972900 	 27.810 	 400.000 	 169.000 
20190715170708 	 990.968750 	 27.820 	 400.000 	 155.000 
20190715170738 	 990.958740 	 27.760 	 400.000 	 148.000 
20190715170808 	 990.983887 	 27.670 	 400.000 	 139.000 
20190715170838 	 990.986084 	 27.550 	 400.000 	 138.000 
20190715170908 	 990.944824 	 27.550 	 400.000 	 123.000 
20190715170938 	 990.944092 	 27.460 	 400.000 	 125.000 
20190715171009 	 990.947754 	 27.390 	 400.000 	 122.000 
897d 	 8cfe 
20190715171039 	 990.926758 	 27.360 	 400.000 	 116.000 
20190715171109 	 990.917480 	 27.290 	 400.000 	 132.000 
20190715171139 	 990.897949 	 27.180 	 400.000 	 120.000 
20190715171209 	 990.888184 	 27.140 	 400.000 	 138.000 
20190715171239 	 990.881592 	 27.080 	 400.000 	 109.000 
20190715171309 	 990.912598 	 27.160 	 400.000 	 132.000 
20190715171340 	 990.871826 	 27.180 	 400.000 	 128.000 
20190715171410 	 990.895508 	 27.070 	 400.000 	 145.000 
20190715171440 	 990.926514 	 27.120 	 400.000 	 147.000 
20190715171510 	 990.942383 	 27.180 	 400.000 	 157.000 
20190715171540 	 990.973389 	 27.250 	 400.000 	 160.000 
897d 	 8cfe 
20190715171610 	 990.923340 	 27.380 	 400.000 	 151.000 
20190715171640 	 991.044434 	 27.430 	 400.000 	 159.000 
20190715171711 	 990.967529 	 27.490 	 400.000 	 161.000 
20190715171741 	 990.977783 	 27.490 	 400.000 	 162.000 
20190715171811 	 990.981445 	 27.560 	 400.000 	 153.000 
20190715171841 	 990.979980 	 27.550 	 400.000 	 150.000 
20190715171911 	 990.942383 	 27.570 	 400.000 	 154.000 
20190715171941 	 990.957275 	 27.620 	 400.000 	 152.000 
20190715172011 	 990.936035 	 27.630 	 400.000 	 145.000 
20190715172042 	 990.885254 	 27.680 	 400.000 	 159.000 
20190715172112 	 990.900391 	 27.720 	 400.000 	 154.000 
897d 	 8cfe 
20190715172142 	 990.862793 	 27.780 	 400.000 	 146.000 
20190715172212 	 990.844238 	 27.800 	 400.000 	 152.000 
20190715172242 	 990.840576 	 27.850 	 400.000 	 144.000 
20190715172312 	 990.816162 	 27.860 	 400.000 	 143.000 
20190715172342 	 990.813477 	 27.840 	 400.000 	 146.000 
20190715172413 	 990.800537 	 27.710 	 400.000 	 153.000 
20190715172443 	 990.796875 	 27.700 	 400.000 	 150.000 
20190715172513 	 990.806396 	 27.620 	 400.000 	 142.000 
20190715172543 	 990.826416 	 27.680 	 400.000 	 127.000 
20190715172613 	 990.835938 	 27.620 	 400.000 	 127.000 
20190715172643 	 990.825928 	 27.440 	 400.000 	 133.000 
897e 	 8cfe 
20190715172713 	 990.863037 	 27.330 	 400.000 	 125.000 
20190715172743 	 990.844727 	 27.260 	 400.000 	 115.000 
20190715172814 	 990.843750 	 27.190 	 400.000 	 121.000 
20190715172844 	 990.819824 	 27.080 	 400.000 	 116.000 
20190715172914 	 990.826904 	 27.070 	 400.000 	 114.000 
20190715172944 	 990.806641 	 27.080 	 400.000 	 127.000 
20190715173014 	 990.787354 	 27.120 	 400.000 	 132.000 
20190715173044 	 990.768311 	 27.130 	 400.000 	 135.000 
20190715173114 	 990.745605 	 27.150 	 400.000 	 137.000 
20190715173145 	 990.738525 	 27.210 	 400.000 	 143.000 
20190715173215 	 990.708252 	 27.280 	 400.000 	 144.000 
897e 	 8cfe 
20190715173245 	 990.656494 	 27.400 	 400.000 	 153.000 
20190715173315 	 990.633057 	 27.370 	 400.000 	 141.000 
20190715173345 	 990.605225 	 27.490 	 400.000 	 135.000 
20190715173415 	 990.580078 	 27.580 	 400.000 	 141.000 
20190715173445 	 990.573242 	 27.660 	 400.000 	 133.000 
20190715173515 	 990.572510 	 27.750 	 400.000 	 132.000 
20190715173546 	 990.565918 	 27.780 	 400.000 	 136.000 
20190715173616 	 990.530518 	 27.790 	 400.000 	 147.000 
20190715173646 	 990.589111 	 27.790 	 400.000 	 140.000 
20190715173716 	 990.558594 	 27.790 	 400.000 	 148.000 
20190715173746 	 990.597412 	 27.550 	 400.000 	 126.000 
897e 	 8cfe 
20190715173816 	 990.641357 	 27.400 	 400.000 	 121.000 
20190715173846 	 990.619141 	 27.240 	 400.000 	 112.000 
20190715173917 	 990.635742 	 27.180 	 400.000 	 100.000 
20190715173947 	 990.646973 	 27.100 	 400.000 	 117.000 
20190715174017 	 990.625488 	 27.080 	 400.000 	 102.000 
20190715174047 	 990.619873 	 26.970 	 400.000 	 112.000 
20190715174117 	 990.608887 	 26.980 	 400.000 	 103.000 
20190715174147 	 990.620117 	 26.940 	 400.000 	 115.000 
20190715174217 	 990.580811 	 27.020 	 400.000 	 127.000 
20190715174248 	 990.572266 	 27.100 	 400.000 	 126.000 
20190715174318 	 990.504883 	 27.060 	 400.000 	 133.000 
897e 	 8cfe 
20190715174348 	 990.499268 	 27.120 	 400.000 	 135.000 
20190715174418 	 990.474121 	 27.160 	 400.000 	 136.000 
20190715174448 	 990.443115 	 27.220 	 400.000 	 133.000 
20190715174518 	 990.429443 	 27.320 	 400.000 	 139.000 
20190715174548 	 990.391113 	 27.410 	 400.000 	 127.000 
20190715174618 	 990.394287 	 27.500 	 400.000 	 125.000 
20190715174649 	 990.367920 	 27.590 	 400.000 	 119.000 
20190715174719 	 990.364990 	 27.660 	 400.000 	 118.000 
20190715174749 	 990.382080 	 27.690 	 400.000 	 119.000 
20190715174819 	 990.374268 	 27.720 	 400.000 	 121.000 
20190715174849 	 990.397949 	 27.730 	 400.000 	 116.000 
897e 	 8cfe 
20190715174919 	 990.449463 	 27.750 	 400.000 	 121.000 
20190715174949 	 990.439453 	 27.780 	 400.000 	 124.000 
20190715175020 	 990.453613 	 27.780 	 400.000 	 123.000 
20190715175050 	 990.441406 	 27.790 	 400.000 	 121.000 
20190715175120 	 990.478271 	 27.760 	 400.000 	 118.000 
20190715175150 	 990.471191 	 27.770 	 400.000 	 119.000 
20190715175220 	 990.478027 	 27.760 	 400.000 	 114.000 
20190715175250 	 990.483887 	 27.820 	 400.000 	 123.000 
20190715175320 	 990.506348 	 27.780 	 400.000 	 115.000 
20190715175351 	 990.507568 	 27.770 	 400.000 	 106.000 
20190715175421 	 990.469727 	 27.720 	 400.000 	 95.000 
897e 	 8cfe 
20190715175451 	 990.503906 	 27.720 	 400.000 	 102.000 
20190715175521 	 990.494385 	 27.660 	 400.000 	 101.000 
20190715175551 	 990.501465 	 27.540 	 400.000 	 90.000 
20190715175621 	 990.543945 	 27.420 	 400.000 	 83.000 
20190715175651 	 990.554688 	 27.250 	 400.000 	 85.000 
20190715175722 	 990.522705 	 27.180 	 400.000 	 83.000 
20190715175752 	 990.542236 	 27.140 	 400.000 	 85.000 
20190715175822 	 990.531494 	 27.100 	 400.000 	 68.000 
20190715175852 	 990.551025 	 27.030 	 400.000 	 72.000 
20190715175922 	 990.558350 	 26.970 	 400.000 	 79.000 
20190715175952 	 990.541016 	 26.870 	 400.000 	 69.000 
897e 	 8cfe 
20190715180022 	 990.525879 	 26.890 	 400.000 	 86.000 
20190715180052 	 990.543945 	 26.950 	 400.000 	 90.000 
20190715180123 	 990.531006 	 27.010 	 400.000 	 88.000 
20190715180153 	 990.498291 	 27.040 	 400.000 	 96.000 
20190715180223 	 990.523438 	 27.080 	 400.000 	 98.000 
20190715180253 	 990.452393 	 27.200 	 400.000 	 99.000 
20190715180323 	 990.464600 	 27.340 	 400.000 	 97.000 
20190715180353 	 990.478760 	 27.460 	 400.000 	 96.000 
20190715180423 	 990.434326 	 27.520 	 400.000 	 98.000 
20190715180454 	 990.466309 	 27.590 	 400.000 	 95.000 
20190715180524 	 990.467285 	 27.650 	 400.000 	 103.000 
897e 	 8cfe 
20190715180554 	 990.457764 	 27.700 	 400.000 	 101.000 
20190715180624 	 990.442139 	 27.740 	 400.000 	 87.000 
20190715180654 	 990.453369 	 27.710 	 400.000 	 112.000 
20190715180724 	 990.486572 	 27.550 	 400.000 	 105.000 
20190715180754 	 990.480225 	 27.590 	 400.000 	 94.000 
20190715180824 	 990.465576 	 27.580 	 400.000 	 83.000 
20190715180855 	 990.459229 	 27.460 	 400.000 	 79.000 
20190715180925 	 990.425049 	 27.410 	 400.000 	 81.000 
20190715180955 	 990.446777 	 27.400 	 400.000 	 85.000 
20190715181025 	 990.434570 	 27.440 	 400.000 	 87.000 
20190715181055 	 990.456299 	 27.360 	 400.000 	 74.000 
897e 	 8cfe 
20190715181125 	 990.458984 	 27.290 	 400.000 	 73.000 
20190715181155 	 990.450439 	 27.180 	 400.000 	 73.000 
20190715181226 	 990.395752 	 27.130 	 400.000 	 69.000 
20190715181256 	 990.423584 	 27.130 	 400.000 	 68.000 
20190715181326 	 990.398438 	 27.170 	 400.000 	 89.000 
20190715181356 	 990.444336 	 27.230 	 400.000 	 98.000 
20190715181426 	 990.412598 	 27.350 	 400.000 	 100.000 
20190715181456 	 990.448486 	 27.410 	 400.000 	 94.000 
20190715181526 	 990.414307 	 27.520 	 400.000 	 84.000 
20190715181556 	 990.443848 	 27.490 	 400.000 	 93.000 
20190715181627 	 990.423340 	 27.470 	 400.000 	 99.000 
897f 	 8cfe 
20190715181657 	 990.428955 	 27.490 	 400.000 	 93.000 
20190715181727 	 990.401855 	 27.550 	 400.000 	 92.000 
20190715181757 	 990.414062 	 27.580 	 400.000 	 94.000 
20190715181827 	 990.387207 	 27.660 	 400.000 	 94.000 
20190715181857 	 990.440186 	 27.710 	 400.000 	 93.000 
20190715181927 	 990.418457 	 27.730 	 400.000 	 117.000 
20190715181958 	 990.437012 	 27.670 	 400.000 	 108.000 
20190715182028 	 990.455078 	 27.580 	 400.000 	 94.000 
20190715182058 	 990.450928 	 27.570 	 400.000 	 81.000 
20190715182128 	 990.499756 	 27.500 	 400.000 	 79.000 
20190715182158 	 990.473389 	 27.450 	 400.000 	 75.000 
897f 	 8cfe 
20190715182228 	 990.493896 	 27.450 	 400.000 	 80.000 
20190715182258 	 990.487061 	 27.440 	 400.000 	 90.000 
20190715182329 	 990.493652 	 27.440 	 400.000 	 73.000 
20190715182359 	 990.488037 	 27.320 	 400.000 	 81.000 
20190715182429 	 990.449951 	 27.210 	 400.000 	 94.000 
20190715182459 	 990.440918 	 27.270 	 400.000 	 99.000 
20190715182529 	 990.422607 	 27.290 	 400.000 	 95.000 
20190715182559 	 990.429443 	 27.340 	 400.000 	 122.000 
20190715182629 	 990.391602 	 27.440 	 400.000 	 132.000 
20190715182659 	 990.412354 	 27.570 	 400.000 	 133.000 
20190715182730 	 990.365234 	 27.620 	 400.000 	 132.000 
897f 	 8cfe 
20190715182800 	 990.370361 	 27.670 	 400.000 	 141.000 
20190715182830 	 990.346191 	 27.700 	 400.000 	 140.000 
20190715182900 	 990.315918 	 27.730 	 400.000 	 146.000 
20190715182930 	 990.303955 	 27.740 	 400.000 	 147.000 
20190715183000 	 990.309326 	 27.760 	 400.000 	 136.000 
20190715183030 	 990.312988 	 27.800 	 400.000 	 152.000 
20190715183101 	 990.322754 	 27.790 	 400.000 	 151.000 
20190715183131 	 990.297852 	 27.770 	 400.000 	 143.000 
20190715183201 	 990.295898 	 27.750 	 400.000 	 153.000 
20190715183231 	 990.297852 	 27.790 	 400.000 	 139.000 
20190715183301 	 990.324219 	 27.830 	 400.000 	 153.000 
897f 	 8cfe 
20190715183331 	 990.346436 	 27.830 	 400.000 	 145.000 
20190715183401 	 990.355469 	 27.810 	 400.000 	 153.000 
20190715183432 	 990.325195 	 27.830 	 400.000 	 146.000 
20190715183502 	 990.318848 	 27.840 	 400.000 	 155.000 
20190715183532 	 990.327393 	 27.790 	 400.000 	 155.000 
20190715183602 	 990.283936 	 27.660 	 400.000 	 155.000 
20190715183632 	 990.319580 	 27.590 	 400.000 	 144.000 
20190715183702 	 990.290039 	 27.560 	 400.000 	 136.000 
20190715183732 	 990.283936 	 27.550 	 400.000 	 131.000 
20190715183803 	 990.321045 	 27.500 	 400.000 	 124.000 
20190715183833 	 990.325684 	 27.400 	 400.000 	 105.000 
897f 	 8cfe 
20190715183903 	 990.287842 	 27.380 	 400.000 	 109.000 
20190715183933 	 990.268311 	 27.350 	 400.000 	 121.000 
20190715184003 	 990.307861 	 27.310 	 400.000 	 106.000 
20190715184033 	 990.283691 	 27.240 	 400.000 	 99.000 
20190715184103 	 990.277588 	 27.240 	 400.000 	 99.000 
20190715184133 	 990.279541 	 27.240 	 400.000 	 101.000 
20190715184204 	 990.253662 	 27.230 	 400.000 	 89.000 
20190715184234 	 990.255371 	 27.130 	 400.000 	 100.000 
20190715184304 	 990.230957 	 27.090 	 400.000 	 99.000 
20190715184334 	 990.222412 	 27.150 	 400.000 	 95.000 
20190715184404 	 990.232666 	 27.150 	 400.000 	 95.000 
897f 	 8cfe 
20190715184434 	 990.204346 	 27.190 	 400.000 	 102.000 
20190715184504 	 990.212646 	 27.180 	 400.000 	 95.000 
20190715184535 	 990.222168 	 27.130 	 400.000 	 96.000 
20190715184605 	 990.167236 	 27.050 	 400.000 	 107.000 
20190715184635 	 990.131348 	 27.050 	 400.000 	 117.000 
20190715184705 	 990.155029 	 27.140 	 400.000 	 123.000 
20190715184735 	 990.133789 	 27.140 	 400.000 	 109.000 
20190715184805 	 990.135986 	 27.150 	 400.000 	 119.000 
20190715184835 	 990.138672 	 27.280 	 400.000 	 138.000 
20190715184905 	 990.115723 	 27.370 	 400.000 	 169.000 
20190715184936 	 990.100342 	 27.460 	 400.000 	 178.000 
897f 	 8cfe 
20190715185006 	 990.126953 	 27.520 	 400.000 	 181.000 
20190715185036 	 990.092041 	 27.590 	 400.000 	 178.000 
20190715185106 	 990.151367 	 27.640 	 400.000 	 183.000 
20190715185136 	 990.117920 	 27.670 	 400.000 	 169.000 
20190715185206 	 990.121094 	 27.700 	 400.000 	 181.000 
20190715185236 	 990.156006 	 27.720 	 400.000 	 168.000 
20190715185307 	 990.126221 	 27.750 	 400.000 	 178.000 
20190715185337 	 990.191895 	 27.770 	 400.000 	 177.000 
20190715185407 	 990.190674 	 27.750 	 400.000 	 180.000 
20190715185437 	 990.204102 	 27.730 	 400.000 	 170.000 
20190715185507 	 990.172852 	 27.730 	 400.000 	 180.000 
897f 	 8cfe 
20190715185537 	 990.186768 	 27.780 	 400.000 	 169.000 
20190715185607 	 990.178223 	 27.800 	 400.000 	 173.000 
20190715185638 	 990.186279 	 27.710 	 400.000 	 167.000 
20190715185708 	 990.213623 	 27.690 	 400.000 	 167.000 
20190715185738 	 990.201660 	 27.650 	 400.000 	 166.000 
20190715185808 	 990.166016 	 27.550 	 400.000 	 154.000 
20190715185838 	 990.182617 	 27.490 	 400.000 	 137.000 
20190715185908 	 990.182129 	 27.400 	 400.000 	 141.000 
20190715185938 	 990.176514 	 27.340 	 400.000 	 133.000 
20190715190008 	 990.182617 	 27.360 	 400.000 	 133.000 
20190715190039 	 990.157227 	 27.350 	 400.000 	 126.000 
8980 	 8cfe 
20190715190109 	 990.163574 	 27.320 	 400.000 	 130.000 
20190715190139 	 990.163086 	 27.260 	 400.000 	 113.000 
20190715190209 	 990.164062 	 27.220 	 400.000 	 119.000 
20190715190239 	 990.175293 	 27.240 	 400.000 	 128.000 
20190715190309 	 990.168213 	 27.220 	 400.000 	 113.000 
20190715190339 	 990.187500 	 27.230 	 400.000 	 120.000 
20190715190410 	 990.182617 	 27.250 	 400.000 	 118.000 
20190715190440 	 990.196289 	 27.200 	 400.000 	 112.000 
20190715190510 	 990.218994 	 27.190 	 400.000 	 110.000 
20190715190540 	 990.198975 	 27.130 	 400.000 	 114.000 
20190715190610 	 990.231445 	 27.110 	 400.000 	 107.000 
8980 	 8cfe 
20190715190640 	 990.198242 	 27.120 	 400.000 	 121.000 
20190715190710 	 990.250977 	 27.170 	 400.000 	 127.000 
20190715190741 	 990.248291 	 27.210 	 400.000 	 128.000 
20190715190811 	 990.240723 	 27.250 	 400.000 	 129.000 
20190715190841 	 990.239014 	 27.210 	 400.000 	 142.000 
20190715190911 	 990.260010 	 27.290 	 400.000 	 175.000 
20190715190941 	 990.239746 	 27.390 	 400.000 	 200.000 
20190715191011 	 990.217773 	 27.490 	 400.000 	 187.000 
20190715191041 	 990.239746 	 27.510 	 400.000 	 192.000 
20190715191112 	 990.222412 	 27.490 	 400.000 	 194.000 
20190715191142 	 990.231934 	 27.570 	 400.000 	 199.000 
8980 	 8cfe 
20190715191212 	 990.232910 	 27.650 	 400.000 	 197.000 
20190715191242 	 990.236816 	 27.680 	 400.000 	 190.000 
20190715191312 	 990.231934 	 27.660 	 400.000 	 191.000 
20190715191342 	 990.264648 	 27.530 	 400.000 	 183.000 
20190715191412 	 990.240479 	 27.550 	 400.000 	 181.000 
20190715191443 	 990.239502 	 27.510 	 400.000 	 184.000 
20190715191513 	 990.230957 	 27.470 	 400.000 	 188.000 
20190715191543 	 990.290771 	 27.550 	 400.000 	 187.000 
20190715191613 	 990.297852 	 27.620 	 400.000 	 193.000 
20190715191643 	 990.301758 	 27.660 	 400.000 	 178.000 
20190715191713 	 990.282227 	 27.720 	 400.000 	 181.000 
8980 	 8cfe 
20190715191743 	 990.346680 	 27.750 	 400.000 	 182.000 
20190715191813 	 990.332275 	 27.790 	 400.000 	 188.000 
20190715191844 	 990.333252 	 27.780 	 400.000 	 181.000 
20190715191914 	 990.316650 	 27.650 	 400.000 	 174.000 
20190715191944 	 990.346680 	 27.570 	 400.000 	 164.000 
20190715192014 	 990.314697 	 27.540 	 400.000 	 162.000 
20190715192044 	 990.336914 	 27.500 	 400.000 	 148.000 
20190715192114 	 990.351807 	 27.400 	 400.000 	 144.000 
20190715192144 	 990.355469 	 27.390 	 400.000 	 154.000 
20190715192215 	 990.324707 	 27.320 	 400.000 	 155.000 
20190715192245 	 990.315674 	 27.260 	 400.000 	 143.000 
8980 	 8cfe 
20190715192315 	 990.345703 	 27.220 	 400.000 	 158.000 
20190715192345 	 990.350098 	 27.170 	 400.000 	 143.000 
20190715192415 	 990.382080 	 27.160 	 400.000 	 147.000 
20190715192445 	 990.349365 	 27.240 	 400.000 	 154.000 
20190715192515 	 990.351318 	 27.260 	 400.000 	 158.000 
20190715192545 	 990.391357 	 27.300 	 400.000 	 170.000 
20190715192616 	 990.389648 	 27.280 	 400.000 	 184.000 
20190715192646 	 990.381592 	 27.350 	 400.000 	 192.000 
20190715192716 	 990.395752 	 27.440 	 400.000 	 193.000 
20190715192746 	 990.408203 	 27.550 	 400.000 	 197.000 
20190715192816 	 990.428711 	 27.530 	 400.000 	 200.000 
8980 	 8cfe 
20190715192846 	 990.431152 	 27.580 	 400.000 	 189.000 
20190715192916 	 990.478516 	 27.600 	 400.000 	 199.000 
20190715192947 	 990.406250 	 27.570 	 400.000 	 196.000 
20190715193017 	 990.488037 	 27.620 	 400.000 	 182.000 
20190715193047 	 990.429199 	 27.660 	 400.000 	 192.000 
20190715193117 	 990.416504 	 27.710 	 400.000 	 190.000 
20190715193147 	 990.444092 	 27.770 	 400.000 	 193.000 
20190715193217 	 990.470947 	 27.810 	 400.000 	 192.000 
20190715193247 	 990.456055 	 27.820 	 400.000 	 202.000 
20190715193318 	 990.495605 	 27.840 	 400.000 	 198.000 
20190715193348 	 990.515381 	 27.800 	 400.000 	 194.000 
8980 	 8cfe 
20190715193418 	 990.459717 	 27.790 	 400.000 	 192.000 
20190715193448 	 990.518555 	 27.670 	 400.000 	 183.000 
20190715193518 	 990.516602 	 27.540 	 400.000 	 163.000 
20190715193548 	 990.547363 	 27.460 	 400.000 	 165.000 
20190715193618 	 990.557861 	 27.400 	 400.000 	 169.000 
20190715193648 	 990.514160 	 27.310 	 400.000 	 158.000 
20190715193719 	 990.540283 	 27.280 	 400.000 	 158.000 
20190715193749 	 990.536865 	 27.200 	 400.000 	 152.000 
20190715193819 	 990.563232 	 27.170 	 400.000 	 152.000 
20190715193849 	 990.527100 	 27.250 	 400.000 	 159.000 
20190715193919 	 990.543457 	 27.220 	 400.000 	 149.000 
8980 	 8cfe 
20190715193949 	 990.519287 	 27.200 	 400.000 	 153.000 
20190715194019 	 990.550537 	 27.210 	 400.000 	 152.000 
20190715194050 	 990.578369 	 27.230 	 400.000 	 142.000 
20190715194120 	 990.536865 	 27.230 	 400.000 	 144.000 
20190715194150 	 990.560547 	 27.220 	 400.000 	 135.000 
20190715194220 	 990.583984 	 27.180 	 400.000 	 129.000 
20190715194250 	 990.518311 	 27.110 	 400.000 	 128.000 
20190715194320 	 990.539062 	 27.110 	 400.000 	 138.000 
20190715194350 	 990.550537 	 27.130 	 400.000 	 146.000 
20190715194420 	 990.521729 	 27.150 	 400.000 	 157.000 
20190715194451 	 990.529541 	 27.200 	 400.000 	 156.000 
8980 	 8cfe 
20190715194521 	 990.533447 	 27.170 	 400.000 	 162.000 
20190715194551 	 990.505127 	 27.260 	 400.000 	 166.000 
20190715194621 	 990.501709 	 27.300 	 400.000 	 180.000 
20190715194651 	 990.475830 	 27.350 	 400.000 	 171.000 
20190715194721 	 990.508057 	 27.430 	 400.000 	 180.000 
20190715194751 	 990.486084 	 27.510 	 400.000 	 177.000 
20190715194822 	 990.463135 	 27.580 	 400.000 	 178.000 
20190715194852 	 990.485596 	 27.640 	 400.000 	 177.000 
20190715194922 	 990.458496 	 27.690 	 400.000 	 184.000 
20190715194952 	 990.471924 	 27.720 	 400.000 	 180.000 
20190715195022 	 990.495850 	 27.730 	 400.000 	 174.000 
8981 	 8cfe 
20190715195052 	 990.492188 	 27.750 	 400.000 	 185.000 
20190715195122 	 990.476562 	 27.760 	 400.000 	 179.000 
20190715195152 	 990.469971 	 27.780 	 400.000 	 178.000 
20190715195223 	 990.478271 	 27.800 	 400.000 	 177.000 
20190715195253 	 990.467041 	 27.650 	 400.000 	 168.000 
20190715195323 	 990.487305 	 27.670 	 400.000 	 168.000 
20190715195353 	 990.503662 	 27.600 	 400.000 	 176.000 
20190715195423 	 990.473145 	 27.630 	 400.000 	 167.000 
20190715195453 	 990.478760 	 27.700 	 400.000 	 170.000 
20190715195523 	 990.475830 	 27.670 	 400.000 	 177.000 
20190715195553 	 990.472168 	 27.660 	 400.000 	 170.000 
8981 	 8cfe 
20190715195624 	 990.499023 	 27.600 	 400.000 	 173.000 
20190715195654 	 990.505859 	 27.550 	 400.000 	 170.000 
20190715195724 	 990.515625 	 27.490 	 400.000 	 170.000 
20190715195754 	 990.497559 	 27.390 	 400.000 	 148.000 
20190715195824 	 990.508789 	 27.320 	 400.000 	 160.000 
20190715195854 	 990.509521 	 27.300 	 400.000 	 161.000 
20190715195924 	 990.522461 	 27.220 	 400.000 	 141.000 
20190715195955 	 990.519531 	 27.190 	 400.000 	 142.000 
20190715200025 	 990.537842 	 27.240 	 400.000 	 145.000 
20190715200055 	 990.531250 	 27.280 	 400.000 	 154.000 
20190715200125 	 990.546387 	 27.290 	 400.000 	 166.000 
8981 	 8cfe 
20190715200155 	 990.552490 	 27.340 	 400.000 	 169.000 
20190715200225 	 990.573975 	 27.400 	 400.000 	 169.000 
20190715200255 	 990.578369 	 27.440 	 400.000 	 171.000 
20190715200325 	 990.607422 	 27.500 	 400.000 	 167.000 
20190715200356 	 990.589600 	 27.590 	 400.000 	 161.000 
20190715200426 	 990.588623 	 27.650 	 400.000 	 175.000 
20190715200456 	 990.561035 	 27.700 	 400.000 	 170.000 
20190715200526 	 990.587891 	 27.700 	 400.000 	 166.000 
20190715200556 	 990.594971 	 27.650 	 400.000 	 177.000 
20190715200626 	 990.582764 	 27.530 	 400.000 	 177.000 
20190715200656 	 990.561768 	 27.560 	 400.000 	 166.000 
8981 	 8cfe 
20190715200727 	 990.559814 	 27.640 	 400.000 	 169.000 
20190715200757 	 990.530518 	 27.700 	 400.000 	 162.000 
20190715200827 	 990.564209 	 27.730 	 400.000 	 169.000 
20190715200857 	 990.572998 	 27.790 	 400.000 	 170.000 
20190715200927 	 990.548340 	 27.820 	 400.000 	 164.000 
20190715200957 	 990.550049 	 27.830 	 400.000 	 171.000 
20190715201027 	 990.564697 	 27.820 	 400.000 	 173.000 
20190715201057 	 990.539062 	 27.850 	 400.000 	 161.000 
20190715201128 	 990.550537 	 27.830 	 400.000 	 164.000 
20190715201158 	 990.581787 	 27.810 	 400.000 	 164.000 
20190715201228 	 990.573730 	 27.790 	 400.000 	 165.000 
8981 	 8cfe 
20190715201258 	 990.574951 	 27.820 	 400.000 	 172.000 
20190715201328 	 990.582275 	 27.820 	 400.000 	 176.000 
20190715201358 	 990.606689 	 27.800 	 400.000 	 172.000 
20190715201428 	 990.586914 	 27.810 	 400.000 	 169.000 
20190715201459 	 990.584717 	 27.790 	 400.000 	 175.000 
20190715201529 	 990.599854 	 27.810 	 400.000 	 173.000 
20190715201559 	 990.590820 	 27.830 	 400.000 	 173.000 
20190715201629 	 990.606934 	 27.810 	 400.000 	 186.000 
20190715201659 	 990.651855 	 27.840 	 400.000 	 175.000 
20190715201729 	 990.623047 	 27.860 	 400.000 	 173.000 
20190715201759 	 990.597168 	 27.870 	 400.000 	 184.000 
8981 	 8cfe 
20190715201829 	 990.615723 	 27.870 	 400.000 	 176.000 
20190715201900 	 990.618164 	 27.850 	 400.000 	 176.000 
20190715201930 	 990.600586 	 27.860 	 400.000 	 178.000 
20190715202000 	 990.591553 	 27.860 	 400.000 	 178.000 
20190715202030 	 990.576172 	 27.730 	 400.000 	 179.000 
20190715202100 	 990.584717 	 27.680 	 400.000 	 177.000 
20190715202130 	 990.567383 	 27.670 	 400.000 	 179.000 
20190715202200 	 990.564209 	 27.570 	 400.000 	 158.000 
20190715202231 	 990.542236 	 27.600 	 400.000 	 161.000 
20190715202301 	 990.555420 	 27.470 	 400.000 	 150.000 
20190715202331 	 990.560547 	 27.400 	 400.000 	 148.000 
8981 	 8cfe 
20190715202401 	 990.571289 	 27.340 	 400.000 	 136.000 
20190715202431 	 990.555420 	 27.270 	 400.000 	 146.000 
20190715202501 	 990.548096 	 27.220 	 400.000 	 141.000 
20190715202531 	 990.575195 	 27.180 	 400.000 	 139.000 
20190715202602 	 990.531738 	 27.140 	 400.000 	 133.000 
20190715202632 	 990.548828 	 27.140 	 400.000 	 129.000 
20190715202702 	 990.555664 	 27.090 	 400.000 	 129.000 
20190715202732 	 990.545410 	 27.090 	 400.000 	 123.000 
20190715202802 	 990.524658 	 27.160 	 400.000 	 127.000 
20190715202832 	 990.506592 	 27.080 	 400.000 	 114.000 
20190715202902 	 990.510254 	 27.060 	 400.000 	 117.000 
8981 	 8cfe 
20190715202932 	 990.513428 	 27.010 	 400.000 	 131.000 
20190715203003 	 990.521484 	 27.020 	 400.000 	 145.000 
20190715203033 	 990.499023 	 27.010 	 400.000 	 145.000 
20190715203103 	 990.465332 	 27.080 	 400.000 	 152.000 
20190715203133 	 990.471924 	 27.180 	 400.000 	 154.000 
20190715203203 	 990.461670 	 27.210 	 400.000 	 164.000 
20190715203233 	 990.487549 	 27.310 	 400.000 	 154.000 
20190715203303 	 990.500000 	 27.400 	 400.000 	 154.000 
20190715203334 	 990.504639 	 27.460 	 400.000 	 160.000 
20190715203404 	 990.520752 	 27.520 	 400.000 	 168.000 
20190715203434 	 990.549072 	 27.550 	 400.000 	 154.000 
8981 	 8cfe 
20190715203504 	 990.575195 	 27.580 	 400.000 	 159.000 
20190715203534 	 990.536621 	 27.600 	 400.000 	 150.000 
20190715203604 	 990.562988 	 27.590 	 400.000 	 158.000 
20190715203634 	 990.561523 	 27.620 	 400.000 	 163.000 
20190715203705 	 990.580078 	 27.620 	 400.000 	 148.000 
20190715203735 	 990.563721 	 27.650 	 400.000 	 155.000 
20190715203805 	 990.544434 	 27.640 	 400.000 	 150.000 
20190715203835 	 990.555908 	 27.540 	 400.000 	 163.000 
20190715203905 	 990.557861 	 27.480 	 400.000 	 158.000 
20190715203935 	 990.587402 	 27.440 	 400.000 	 155.000 
20190715204005 	 990.571777 	 27.410 	 400.000 	 155.000 
8982 	 8cfe 
20190715204036 	 990.573242 	 27.490 	 400.000 	 148.000 
20190715204106 	 990.582764 	 27.530 	 400.000 	 161.000 
20190715204136 	 990.595947 	 27.530 	 400.000 	 145.000 
20190715204206 	 990.617920 	 27.580 	 400.000 	 153.000 
20190715204236 	 990.603760 	 27.580 	 400.000 	 153.000 
20190715204306 	 990.622314 	 27.510 	 400.000 	 152.000 
20190715204336 	 990.633789 	 27.520 	 400.000 	 158.000 
20190715204406 	 990.660645 	 27.430 	 400.000 	 153.000 
20190715204437 	 990.661377 	 27.360 	 400.000 	 139.000 
20190715204507 	 990.625977 	 27.400 	 400.000 	 136.000 
20190715204537 	 990.671875 	 27.410 	 400.000 	 139.000 
8982 	 8cfe 
20190715204607 	 990.667969 	 27.410 	 400.000 	 142.000 
20190715204637 	 990.665283 	 27.310 	 400.000 	 137.000 
20190715204707 	 990.652588 	 27.210 	 400.000 	 125.000 
20190715204737 	 990.645264 	 27.130 	 400.000 	 127.000 
20190715204808 	 990.616943 	 26.950 	 400.000 	 124.000 
20190715204838 	 990.598633 	 26.950 	 400.000 	 140.000 
20190715204908 	 990.592285 	 26.950 	 400.000 	 157.000 
20190715204938 	 990.566162 	 27.020 	 400.000 	 154.000 
20190715205008 	 990.589600 	 27.100 	 400.000 	 154.000 
20190715205038 	 990.579834 	 27.210 	 400.000 	 172.000 
20190715205108 	 990.566162 	 27.250 	 400.000 	 177.000 
8982 	 8cfe 
20190715205138 	 990.579102 	 27.280 	 400.000 	 174.000 
20190715205209 	 990.567627 	 27.370 	 400.000 	 169.000 
20190715205239 	 990.551758 	 27.430 	 400.000 	 189.000 
20190715205309 	 990.504150 	 27.480 	 400.000 	 187.000 
20190715205339 	 990.553467 	 27.560 	 400.000 	 182.000 
20190715205409 	 990.546387 	 27.580 	 400.000 	 187.000 
20190715205439 	 990.540771 	 27.580 	 400.000 	 191.000 
20190715205509 	 990.535156 	 27.590 	 400.000 	 187.000 
20190715205540 	 990.522705 	 27.620 	 400.000 	 188.000 
20190715205610 	 990.561768 	 27.620 	 400.000 	 187.000 
20190715205640 	 990.549561 	 27.620 	 400.000 	 178.000 
8982 	 8cfe 
20190715205710 	 990.577881 	 27.630 	 400.000 	 181.000 
20190715205740 	 990.568604 	 27.680 	 400.000 	 188.000 
20190715205810 	 990.599121 	 27.660 	 400.000 	 181.000 
20190715205840 	 990.600586 	 27.680 	 400.000 	 179.000 
20190715205911 	 990.569092 	 27.650 	 400.000 	 213.000 
20190715205941 	 990.635254 	 27.670 	 400.000 	 206.000 
20190715210011 	 990.631592 	 27.690 	 400.000 	 185.000 
20190715210041 	 990.642822 	 27.740 	 400.000 	 175.000 
20190715210111 	 990.603516 	 27.760 	 400.000 	 195.000 
20190715210141 	 990.626953 	 27.780 	 400.000 	 184.000 
20190715210211 	 990.614990 	 27.740 	 400.000 	 175.000 
8982 	 8cfe 
20190715210242 	 990.586914 	 27.720 	 400.000 	 175.000 
20190715210312 	 990.637451 	 27.680 	 400.000 	 160.000 
20190715210342 	 990.627441 	 27.610 	 400.000 	 155.000 
20190715210412 	 990.633545 	 27.570 	 400.000 	 153.000 
20190715210442 	 990.621338 	 27.630 	 400.000 	 157.000 
20190715210512 	 990.616943 	 27.590 	 400.000 	 148.000 
20190715210542 	 990.628174 	 27.480 	 400.000 	 159.000 
20190715210612 	 990.658203 	 27.380 	 400.000 	 144.000 
20190715210643 	 990.632080 	 27.350 	 400.000 	 137.000 
20190715210713 	 990.661865 	 27.320 	 400.000 	 139.000 
20190715210743 	 990.649902 	 27.250 	 400.000 	 131.000 
8982 	 8cfe 
20190715210813 	 990.691895 	 27.180 	 400.000 	 134.000 
20190715210843 	 990.679932 	 27.160 	 400.000 	 136.000 
20190715210913 	 990.716064 	 27.140 	 400.000 	 137.000 
20190715210943 	 990.689941 	 27.170 	 400.000 	 139.000 
20190715211014 	 990.742920 	 27.130 	 400.000 	 127.000 
20190715211044 	 990.722656 	 27.160 	 400.000 	 125.000 
20190715211114 	 990.723633 	 27.130 	 400.000 	 152.000 
20190715211144 	 990.728027 	 27.130 	 400.000 	 165.000 
20190715211214 	 990.751221 	 27.130 	 400.000 	 159.000 
20190715211244 	 990.745605 	 27.200 	 400.000 	 154.000 
20190715211314 	 990.774170 	 27.260 	 400.000 	 161.000 
8982 	 8cfe 
20190715211345 	 990.763672 	 27.370 	 400.000 	 166.000 
20190715211415 	 990.777588 	 27.410 	 400.000 	 163.000 
20190715211445 	 990.746338 	 27.440 	 400.000 	 161.000 
20190715211515 	 990.801025 	 27.500 	 400.000 	 162.000 
20190715211545 	 990.808350 	 27.520 	 400.000 	 168.000 
20190715211615 	 990.807861 	 27.580 	 400.000 	 164.000 
20190715211645 	 990.793701 	 27.640 	 400.000 	 172.000 
20190715211716 	 990.814697 	 27.670 	 400.000 	 171.000 
20190715211746 	 990.760010 	 27.720 	 400.000 	 174.000 
20190715211816 	 990.798828 	 27.710 	 400.000 	 173.000 
20190715211846 	 990.807373 	 27.740 	 400.000 	 173.000 
8982 	 8cfe 
20190715211916 	 990.787842 	 27.760 	 400.000 	 169.000 
20190715211946 	 990.798828 	 27.790 	 400.000 	 177.000 
20190715212016 	 990.798584 	 27.800 	 400.000 	 172.000 
20190715212047 	 990.801025 	 27.810 	 400.000 	 174.000 
20190715212117 	 990.812500 	 27.820 	 400.000 	 171.000 
20190715212147 	 990.795898 	 27.780 	 400.000 	 156.000 
20190715212217 	 990.819336 	 27.720 	 400.000 	 149.000 
20190715212247 	 990.793457 	 27.650 	 400.000 	 148.000 
20190715212317 	 990.817383 	 27.590 	 400.000 	 140.000 
20190715212347 	 990.810059 	 27.530 	 400.000 	 136.000 
20190715212417 	 990.837158 	 27.510 	 400.000 	 135.000 
8982 	 8cfe 
20190715212448 	 990.782471 	 27.420 	 400.000 	 131.000 
20190715212518 	 990.789062 	 27.360 	 400.000 	 136.000 
20190715212548 	 990.756104 	 27.360 	 400.000 	 137.000 
20190715212618 	 990.811035 	 27.340 	 400.000 	 133.000 
20190715212648 	 990.793457 	 27.320 	 400.000 	 127.000 
20190715212718 	 990.805420 	 27.290 	 400.000 	 122.000 
20190715212748 	 990.826172 	 27.220 	 400.000 	 125.000 
20190715212819 	 990.834229 	 27.170 	 400.000 	 124.000 
20190715212849 	 990.773438 	 27.170 	 400.000 	 127.000 
20190715212919 	 990.801514 	 27.190 	 400.000 	 119.000 
20190715212949 	 990.845215 	 27.210 	 400.000 	 122.000 
8983 	 8cfe 
20190715213019 	 990.839600 	 27.180 	 400.000 	 118.000 
20190715213049 	 990.818848 	 27.070 	 400.000 	 108.000 
20190715213119 	 990.780518 	 27.020 	 400.000 	 117.000 
20190715213150 	 990.828857 	 27.040 	 400.000 	 123.000 
20190715213220 	 990.817139 	 27.100 	 400.000 	 136.000 
20190715213250 	 990.872559 	 27.160 	 400.000 	 133.000 
20190715213320 	 990.836182 	 27.210 	 400.000 	 142.000 
20190715213350 	 990.848145 	 27.260 	 400.000 	 136.000 
20190715213420 	 990.842529 	 27.330 	 400.000 	 145.000 
20190715213450 	 990.851807 	 27.380 	 400.000 	 151.000 
20190715213521 	 990.869385 	 27.400 	 400.000 	 141.000 
8983 	 8cfe 
20190715213551 	 990.863037 	 27.440 	 400.000 	 143.000 
20190715213621 	 990.871094 	 27.500 	 400.000 	 154.000 
20190715213651 	 990.877441 	 27.550 	 400.000 	 157.000 
20190715213721 	 990.891846 	 27.590 	 400.000 	 159.000 
20190715213751 	 990.900879 	 27.610 	 400.000 	 161.000 
20190715213821 	 990.927979 	 27.650 	 400.000 	 164.000 
20190715213852 	 990.906738 	 27.670 	 400.000 	 165.000 
20190715213922 	 990.947754 	 27.700 	 400.000 	 164.000 
20190715213952 	 990.959229 	 27.670 	 400.000 	 149.000 
20190715214022 	 990.929443 	 27.560 	 400.000 	 141.000 
20190715214052 	 990.919189 	 27.550 	 400.000 	 127.000 
8983 	 8cfe 
20190715214122 	 990.980957 	 27.590 	 400.000 	 132.000 
20190715214152 	 990.987793 	 27.540 	 400.000 	 129.000 
20190715214223 	 991.022461 	 27.550 	 400.000 	 125.000 
20190715214253 	 991.010254 	 27.430 	 400.000 	 124.000 
20190715214323 	 991.047363 	 27.380 	 400.000 	 131.000 
20190715214353 	 991.058105 	 27.330 	 400.000 	 122.000 
20190715214423 	 991.077393 	 27.260 	 400.000 	 120.000 
20190715214453 	 991.086670 	 27.180 	 400.000 	 128.000 
20190715214523 	 991.066895 	 27.180 	 400.000 	 117.000 
20190715214553 	 991.101318 	 27.180 	 400.000 	 110.000 
20190715214624 	 991.063232 	 27.160 	 400.000 	 116.000 
8983 	 8cfe 
20190715214654 	 991.106934 	 27.170 	 400.000 	 134.000 
20190715214724 	 991.074463 	 27.230 	 400.000 	 142.000 
20190715214754 	 991.125732 	 27.240 	 400.000 	 140.000 
20190715214824 	 991.087402 	 27.290 	 400.000 	 132.000 
20190715214854 	 991.082764 	 27.340 	 400.000 	 137.000 
20190715214924 	 991.090820 	 27.380 	 400.000 	 125.000 
20190715214954 	 991.104736 	 27.420 	 400.000 	 139.000 
20190715215025 	 991.098633 	 27.480 	 400.000 	 148.000 
20190715215055 	 991.110596 	 27.510 	 400.000 	 151.000 
20190715215125 	 991.131104 	 27.540 	 400.000 	 149.000 
20190715215155 	 991.116699 	 27.590 	 400.000 	 167.000 
8983 	 8cfe 
20190715215225 	 991.092773 	 27.560 	 400.000 	 158.000 
20190715215255 	 991.152588 	 27.560 	 400.000 	 147.000 
20190715215325 	 991.106201 	 27.570 	 400.000 	 133.000 
20190715215356 	 991.138184 	 27.520 	 400.000 	 139.000 
20190715215426 	 991.125000 	 27.520 	 400.000 	 129.000 
20190715215456 	 991.142334 	 27.470 	 400.000 	 125.000 
20190715215526 	 991.119873 	 27.420 	 400.000 	 137.000 
20190715215556 	 991.141602 	 27.400 	 400.000 	 134.000 
20190715215626 	 991.152344 	 27.410 	 400.000 	 133.000 
20190715215656 	 991.160889 	 27.340 	 400.000 	 132.000 
20190715215727 	 991.211426 	 27.290 	 400.000 	 114.000 
8983 	 8cfe 
20190715215757 	 991.197266 	 27.270 	 400.000 	 132.000 
20190715215827 	 991.240479 	 27.090 	 400.000 	 118.000 
20190715215857 	 991.242676 	 27.070 	 400.000 	 123.000 
20190715215927 	 991.303223 	 27.140 	 400.000 	 139.000 
20190715215957 	 991.283936 	 27.200 	 400.000 	 142.000 
20190715220027 	 991.306641 	 27.230 	 400.000 	 144.000 
20190715220058 	 991.309570 	 27.290 	 400.000 	 145.000 
20190715220128 	 991.339844 	 27.330 	 400.000 	 148.000 
20190715220158 	 991.340576 	 27.390 	 400.000 	 145.000 
20190715220228 	 991.360352 	 27.440 	 400.000 	 148.000 
20190715220258 	 991.340576 	 27.490 	 400.000 	 153.000 
8983 	 8cfe 
20190715220328 	 991.352051 	 27.560 	 400.000 	 155.000 
20190715220358 	 991.349365 	 27.570 	 400.000 	 169.000 
20190715220428 	 991.353760 	 27.640 	 400.000 	 176.000 
20190715220459 	 991.357178 	 27.670 	 400.000 	 187.000 
20190715220529 	 991.333008 	 27.690 	 400.000 	 193.000 
20190715220559 	 991.313477 	 27.720 	 400.000 	 193.000 
20190715220629 	 991.346436 	 27.730 	 400.000 	 192.000 
20190715220659 	 991.348877 	 27.760 	 400.000 	 189.000 
20190715220729 	 991.364014 	 27.710 	 400.000 	 177.000 
20190715220759 	 991.370361 	 27.710 	 400.000 	 157.000 
20190715220830 	 991.359619 	 27.670 	 400.000 	 160.000 
8983 	 8cfe 
20190715220900 	 991.332275 	 27.590 	 400.000 	 156.000 
20190715220930 	 991.327148 	 27.460 	 400.000 	 151.000 
20190715221000 	 991.378906 	 27.420 	 400.000 	 145.000 
20190715221030 	 991.356201 	 27.330 	 400.000 	 148.000 
20190715221100 	 991.359619 	 27.350 	 400.000 	 144.000 
20190715221130 	 991.319336 	 27.350 	 400.000 	 162.000 
20190715221200 	 991.326416 	 27.270 	 400.000 	 134.000 
20190715221231 	 991.361816 	 27.210 	 400.000 	 125.000 
20190715221301 	 991.332520 	 27.190 	 400.000 	 136.000 
20190715221331 	 991.384766 	 27.110 	 400.000 	 135.000 
20190715221401 	 991.367920 	 27.110 	 400.000 	 139.000 
8983 	 8cfe 
20190715221431 	 991.374268 	 27.000 	 400.000 	 124.000 
20190715221501 	 991.365967 	 27.030 	 400.000 	 133.000 
20190715221531 	 991.416504 	 27.060 	 400.000 	 128.000 
20190715221602 	 991.423340 	 27.050 	 400.000 	 125.000 
20190715221632 	 991.425293 	 27.040 	 400.000 	 125.000 
20190715221702 	 991.435791 	 27.090 	 400.000 	 132.000 
20190715221732 	 991.427490 	 27.040 	 400.000 	 125.000 
20190715221802 	 991.450195 	 27.050 	 400.000 	 142.000 
20190715221832 	 991.461914 	 27.060 	 400.000 	 154.000 
20190715221902 	 991.465576 	 27.090 	 400.000 	 152.000 
20190715221933 	 991.457031 	 27.140 	 400.000 	 161.000 
8984 	 8cfe 
20190715222003 	 991.493896 	 27.190 	 400.000 	 158.000 
20190715222033 	 991.492188 	 27.240 	 400.000 	 141.000 
20190715222103 	 991.493896 	 27.300 	 400.000 	 153.000 
20190715222133 	 991.501709 	 27.350 	 400.000 	 158.000 
20190715222203 	 991.510010 	 27.380 	 400.000 	 168.000 
20190715222233 	 991.538086 	 27.430 	 400.000 	 164.000 
20190715222304 	 991.524658 	 27.470 	 400.000 	 173.000 
20190715222334 	 991.508545 	 27.520 	 400.000 	 185.000 
20190715222404 	 991.553955 	 27.550 	 400.000 	 190.000 
20190715222434 	 991.526367 	 27.570 	 400.000 	 205.000 
20190715222504 	 991.545898 	 27.570 	 400.000 	 199.000 
8984 	 8cfe 
20190715222534 	 991.544922 	 27.580 	 400.000 	 222.000 
20190715222604 	 991.558105 	 27.600 	 400.000 	 218.000 
20190715222634 	 991.540771 	 27.640 	 400.000 	 230.000 
20190715222705 	 991.564453 	 27.680 	 400.000 	 223.000 
20190715222735 	 991.532715 	 27.690 	 400.000 	 226.000 
20190715222805 	 991.535645 	 27.690 	 400.000 	 215.000 
20190715222835 	 991.526855 	 27.640 	 400.000 	 205.000 
20190715222905 	 991.567627 	 27.730 	 400.000 	 195.000 
20190715222935 	 991.559326 	 27.690 	 400.000 	 195.000 
20190715223005 	 991.556885 	 27.560 	 400.000 	 186.000 
20190715223036 	 991.586914 	 27.510 	 400.000 	 185.000 
8984 	 8cfe 
20190715223106 	 991.583252 	 27.470 	 400.000 	 178.000 
20190715223136 	 991.617188 	 27.330 	 400.000 	 182.000 
20190715223206 	 991.613525 	 27.240 	 400.000 	 170.000 
20190715223236 	 991.660400 	 27.200 	 400.000 	 170.000 
20190715223306 	 991.623779 	 27.150 	 400.000 	 167.000 
20190715223336 	 991.630371 	 27.170 	 400.000 	 167.000 
20190715223407 	 991.660156 	 27.120 	 400.000 	 162.000 
20190715223437 	 991.658203 	 27.080 	 400.000 	 155.000 
20190715223507 	 991.667969 	 27.080 	 400.000 	 155.000 
20190715223537 	 991.675049 	 27.030 	 400.000 	 150.000 
20190715223607 	 991.659912 	 27.030 	 400.000 	 161.000 
8984 	 8cfe 
20190715223637 	 991.666504 	 26.980 	 400.000 	 163.000 
20190715223707 	 991.671143 	 26.980 	 400.000 	 154.000 
20190715223737 	 991.658447 	 26.990 	 400.000 	 176.000 
20190715223808 	 991.695801 	 27.050 	 400.000 	 178.000 
20190715223838 	 991.674805 	 27.110 	 400.000 	 177.000 
20190715223908 	 991.698730 	 27.170 	 400.000 	 175.000 
20190715223938 	 991.673584 	 27.200 	 400.000 	 169.000 
20190715224008 	 991.711670 	 27.260 	 400.000 	 179.000 
20190715224038 	 991.733887 	 27.320 	 400.000 	 179.000 
20190715224108 	 991.779297 	 27.380 	 400.000 	 186.000 
20190715224139 	 991.718994 	 27.420 	 400.000 	 188.000 
8984 	 8cfe 
20190715224209 	 991.777100 	 27.450 	 400.000 	 201.000 
20190715224239 	 991.766846 	 27.500 	 400.000 	 201.000 
20190715224309 	 991.777832 	 27.540 	 400.000 	 196.000 
20190715224339 	 991.785889 	 27.590 	 400.000 	 194.000 
20190715224409 	 991.799072 	 27.620 	 400.000 	 200.000 
20190715224439 	 991.825928 	 27.660 	 400.000 	 196.000 
20190715224509 	 991.798340 	 27.690 	 400.000 	 211.000 
20190715224540 	 991.837402 	 27.700 	 400.000 	 199.000 
20190715224610 	 991.792236 	 27.710 	 400.000 	 202.000 
20190715224640 	 991.821777 	 27.620 	 400.000 	 179.000 
20190715224710 	 991.820557 	 27.640 	 400.000 	 170.000 
8984 	 8cfe 
20190715224740 	 991.833008 	 27.620 	 400.000 	 171.000 
20190715224810 	 991.839355 	 27.500 	 400.000 	 162.000 
20190715224840 	 991.843018 	 27.440 	 400.000 	 161.000 
20190715224911 	 991.867432 	 27.360 	 400.000 	 161.000 
20190715224941 	 991.898438 	 27.410 	 400.000 	 156.000 
20190715225011 	 991.893799 	 27.400 	 400.000 	 158.000 
20190715225041 	 991.927002 	 27.290 	 400.000 	 161.000 
20190715225111 	 991.966064 	 27.180 	 400.000 	 157.000 
20190715225141 	 991.932617 	 27.110 	 400.000 	 157.000 
20190715225211 	 991.971680 	 27.070 	 400.000 	 151.000 
20190715225242 	 991.983154 	 27.030 	 400.000 	 155.000 
8984 	 8cfe 
20190715225312 	 991.949951 	 27.070 	 400.000 	 155.000 
20190715225342 	 991.969971 	 27.010 	 400.000 	 146.000 
20190715225412 	 991.974854 	 27.000 	 400.000 	 158.000 
20190715225442 	 991.975830 	 26.990 	 400.000 	 151.000 
20190715225512 	 991.973145 	 27.020 	 400.000 	 147.000 
20190715225542 	 991.959961 	 27.000 	 400.000 	 154.000 
20190715225612 	 991.968262 	 27.040 	 400.000 	 168.000 
20190715225643 	 991.968994 	 27.070 	 400.000 	 157.000 
20190715225713 	 991.977295 	 27.150 	 400.000 	 165.000 
20190715225743 	 991.971924 	 27.200 	 400.000 	 165.000 
20190715225813 	 991.998047 	 27.260 	 400.000 	 172.000 
8984 	 8cfe 
20190715225843 	 992.023438 	 27.290 	 400.000 	 172.000 
20190715225913 	 992.007324 	 27.320 	 400.000 	 174.000 
20190715225943 	 992.035156 	 27.390 	 400.000 	 174.000 
20190715230014 	 992.070068 	 27.430 	 400.000 	 175.000 
20190715230044 	 992.054443 	 27.380 	 400.000 	 181.000 
20190715230114 	 992.089111 	 27.450 	 400.000 	 188.000 
20190715230144 	 992.104248 	 27.520 	 400.000 	 193.000 
20190715230214 	 992.116943 	 27.580 	 400.000 	 196.000 
20190715230244 	 992.125732 	 27.620 	 400.000 	 199.000 
20190715230314 	 992.114014 	 27.570 	 400.000 	 202.000 
20190715230345 	 992.135986 	 27.680 	 400.000 	 202.000 
